44685 10 45043 16 45400 21 45758 25 46115 29 46473 32 46832 34 47191 36 47550 37 47908 40 48268 42 48627 45 48986 52 49345 57 49704 59 50064 60 50423 61 50783 62 51143 63 51503 64 51862 65 52222 66 52582 66 52942 67 53302 67 53663 66 54023 66 54383 66 54744 66 55104 66 55464 67 55824 67 56185 66 56546 64 56906 64 57267 62 57628 61 57988 60 58349 59 58709 58 59070 56 59431 54 59792 51 60153 49 60514 46 60876 43 61238 40 61601 33
105755 7 106101 24 106459 28 106817 32 107176 35 107534 39 107893 42 108252 44 108612 46 108971 47 109330 49 109689 51 110049 52 110409 53 110768 55 111128 56 111488 57 111848 58 112208 58 112568 59 112928 59 113288 59 113648 59 114009 59 114369 59 114729 59 115089 59 115450 58 115811 57 116171 57 116532 56 116892 56 117254 54 117614 53 117976 51 118337 49 118700 45 119062 43 119425 38 119789 31 120156 21 120526 8
125378 9 125736 13 126094 17 126453 19 126812 21 127172 22 127531 24 127891 25 128251 25 128611 26 128971 27 129331 27
68165 7 68523 13 68881 23 69239 27 69598 29 69957 31 70316 34 70676 35 71035 37 71394 38 71754 38 72113 40 72472 42 72831 43 73165 13 73190 45 73523 17 73549 46 73882 24 73907 48 74241 75 74600 76 74960 77 75319 78 75679 78 76038 79 76398 79 76758 79 77117 80 77477 80 77837 80 78197 80 78557 80 78917 80 79277 80 79638 79 79998 79 80358 78 80719 77 81079 77 81440 75 81800 75 82161 73 82522 72 82883 71 83245 68 83607 65 83969 63 84330 61 84693 57 85056 53 85419 48 85781 44 86142 41 86504 37 86865 35 87227 31 87588 29 87950 22 88313 15
12477 11 12833 22 13192 29 13550 35 13909 40 14269 43 14628 46 14988 49 15348 51 15708 52 16068 53 16428 55 16788 57 17148 60 17508 62 17868 64 18228 65 18588 66 18948 67 19309 67 19669 68 20030 67 20390 68 20751 67 21112 66 21473 65 21834 65 22194 65 22555 64 22916 63 23277 62 23639 60 24000 58 24362 56 24724 54 25087 50 25449 47 25811 44 26172 42 26536 36 26910 21 27277 7
19489 7 19845 12 20179 2 20202 17 20535 13 20561 19 20894 15 20920 21 21253 17 21279 22 21612 21 21638 23 21971 51 22331 52 22690 53 23049 54 23409 55 23768 56 24128 56 24488 56 24847 57 25207 57 25567 57 25927 56 26287 56 26647 56 27008 55 27368 55 27728 56 28089 56 28449 56 28809 56 29170 55 29530 55 29891 53 30252 52 30613 51 30974 17 30992 32 31337 13 31353 30 31699 9 31714 29 32075 28 32435 27 32796 26 33157 24 33518 20 33880 15 34243 9
54292 5 54652 6 55011 7 55371 7 55731 7 56092 6 56453 4
104653 3 105012 5 105372 6 105732 6 106093 4
27286 5 27645 7 28005 7 28365 7 28726 6 29087 4
119370 3 119729 5 120088 6 120448 6 120808 6 121169 4
47248 4 47606 8 47965 10 48325 10 48684 11 49044 11 49404 11 49764 10 50125 9 50486 7
51473 7 51831 10 52189 12 52548 13 52907 14 53266 15 53626 15 53985 16 54345 16 54705 16 55065 16 55425 16 55785 16 56145 16 56505 16 56865 16 57225 16 57586 15 57946 15 58307 14 58667 14 59028 13 59389 12 59750 11 60111 10 60472 9 60833 8 61195 6 61556 5 61917 4 62278 3 62639 2 62999 2
95370 13 95728 16 96087 19 96446 21 96805 24 97164 26 97523 28 97883 29 98242 31 98602 33 98962 35 99322 36 99682 38 100041 40 100401 40 100761 40 101122 39 101482 39 101842 39 102202 39 102562 39 102922 39 103282 39 103642 39 104003 38 104363 38 104724 37 105084 37 105445 36 105806 35 106167 34 106528 33 106889 32 107250 31 107611 30 107972 29 108333 28 108694 27 109055 26 109417 24 109779 22 110141 20 110502 19 110866 15 111229 10
38521 1 38881 1 39241 1 39601 2 39961 2 40321 2 40681 2 41041 3 41401 3 41761 3 42121 3 42481 3 42841 3 43201 3 43561 2 43921 2 44281 2 44641 1 45001 1
127576 8 127932 15 128291 18 128650 21 129009 23 129369 23
26617 12 26973 17 27332 29 27690 31 28049 32 28408 33 28767 34 29126 35 29486 35 29845 36 30205 36 30564 37 30924 37 31284 37 31643 38 32003 38 32363 38 32723 38 33083 38 33444 37 33804 37 34164 37 34524 37 34884 37 35245 36 35605 36 35966 35 36326 35 36687 34 37048 33 37409 32 37770 31 38130 31 38490 31 38851 30 39212 29 39572 29 39933 28 40294 27 40656 25 41017 24 41380 21 41742 19 42103 18 42466 15 42829 12
74815 11 75170 20 75528 26 75887 29 76245 34 76604 37 76963 42 77323 44 77682 48 78042 51 78402 53 78762 54 79121 58 79481 60 79842 60 80202 61 80562 62 80922 63 81283 63 81643 64 82004 64 82365 63 82726 63 83087 62 83448 61 83809 60 84171 59 84533 57 84896 54 85260 50 85626 44 85988 41 86351 38 86712 37 87074 35 87435 33 87796 32 88158 29 88519 27 88881 24 89242 21 89603 19 89966 15 90329 9
39891 6 40248 12 40606 16 40965 19 41324 21 41683 23 42040 26 42398 29 42756 31 43114 33 43473 34 43831 36 44190 37 44548 40 44907 41 45267 41 45626 41 45985 42 46344 43 46703 44 47063 44 47422 44 47781 45 48140 45 48500 45 48860 44 49220 43 49580 43 49940 42 50300 41 50660 40 51021 38 51381 37 51741 36 52101 35 52462 34 52822 33 53183 31 53543 30 53903 30 54264 28 54625 25 54986 23 55347 21 55708 18 56069 16 56430 14 56792 10
90897 7 91254 14 91612 17 91970 21 92329 23 92687 26 93046 28 93405 30 93763 34 94121 37 94480 38 94838 41 95197 43 95556 44 95915 45 96273 47 96632 49 96991 50 97350 51 97709 52 98067 54 98426 55 98785 55 99144 56 99503 57 99862 58 100221 59 100581 59 100940 59 101299 60 101659 60 102018 60 102378 60 102738 60 103097 60 103457 60 103817 59 104177 59 104537 58 104896 58 105256 56 105616 55 105975 55 106335 54 106695 53 107055 52 107415 51 107775 51 108135 50 108494 50 108854 49 109214 48 109574 47 109934 46 110294 45 110654 44 111015 42 111375 41 111735 40 112096 38 112456 37 112817 35 113177 34 113538 32 113899 30 114260 28 114621 25 114983 22 115344 19 115705 16 116067 10
10530 7 10888 11 11247 13 11606 15 11965 16 12324 18 12683 20 13042 21 13401 23 13760 24 14119 26 14479 26 14838 28 15198 28 15558 29 15917 30 16277 31 16637 31 16997 31 17357 32 17717 32 18076 33 18436 34 18796 34 19156 34 19516 34 19875 35 20235 35 20595 35 20955 35 21315 36 21674 37 22034 37 22394 37 22754 37 23114 37 23474 37 23834 37 24194 37 24554 37 24914 37 25274 37 25634 37 25994 36 26354 36 26714 36 27074 35 27434 35 27794 34 28154 34 28515 32 28875 31 29235 31 29595 30 29956 28 30316 28 30677 26 31038 24 31398 22 31759 20 32120 17 32481 15 32844 9
49681 2 50041 4 50401 5 50761 7 51121 8 51481 9 51841 10 52201 11 52561 11 52921 12 53281 12 53641 13 54001 13 54361 13 54721 13 55081 13 55441 13 55801 13 56161 13 56521 13 56881 13 57241 13 57601 12 57961 12 58321 11 58681 10 59041 9 59401 7 59761 6 60121 3
44876 3 45231 11 45589 14 45948 16 46307 18 46666 20 47026 20 47385 22 47745 22 48104 23 48464 23 48824 24 49183 25 49543 25 49903 25 50264 24 50624 24 50984 24 51344 24 51704 25 52064 25 52424 25 52784 25 53144 26 53504 27 53863 29 54223 29 54583 29 54942 31 55301 32 55661 33 56021 33 56380 35 56740 35 57100 36 57460 36 57821 36 58181 36 58542 35 58903 34 59263 34 59624 33 59985 32 60345 32 60706 31 61067 29 61427 29 61788 28 62149 26 62509 26 62870 24 63231 23 63591 22 63952 20 64313 18 64674 16 65035 14 65397 10 65759 6